input_neurons: 2
hidden_l: {2,2}
output_neurons: 1
learning_rate: 0.15
weights: {-0.619695,2.20566,-0.618383,2.19423,-3.15483,-1.1441,-1.90177,2.28985,-3.15456,1.99833,}
output_values: {0.000000,1.000000,-0.550450,0.975464,-0.117616,0.993507,0.982197,}
input_values: {-92559631349317830736831783200707727132248687965119994463780864.000000,-92559631349317830736831783200707727132248687965119994463780864.000000,-0.619026,2.194200,-0.118163,2.863429,2.356286,}
gradient_values: {-0.000000,-0.000000,0.004285,0.000182,-0.001955,0.000016,0.000628,}
